   2677.      0.3853E-02
   2669.      0.2515E-03
   2660.     -0.2219E-03
   2652.      0.3165E-02
   2644.     -0.1226E-02
   2635.     -0.1620E-02
   2627.     -0.2500E-02
   2619.     -0.3570E-02
   2611.      0.8558E-02
   2602.     -0.4072E-02
   2594.     -0.1443E-02
   2586.     -0.1338E-02
   2577.      0.2796E-03
   2569.     -0.6589E-02
   2561.      0.1612E-02
   2553.     -0.4412E-03
   2544.     -0.1046E-02
   2536.     -0.8903E-03
   2528.     -0.1931E-04
   2519.     -0.3897E-02
   2511.     -0.3404E-02
   2503.     -0.1853E-03
   2495.     -0.1735E-02
   2486.     -0.1508E-02
   2478.     -0.3662E-02
   2470.     -0.7994E-02
   2461.     -0.8250E-02
   2453.      0.1097E-02
   2445.      0.4672E-02
   2437.      0.5168E-03
   2428.      0.3926E-02
   2420.     -0.2904E-02
   2412.     -0.4203E-02
   2403.     -0.5486E-03
   2395.      0.1319E-02
   2387.     -0.8016E-03
   2379.     -0.1507E-02
   2370.      0.4131E-02
   2362.      0.6680E-03
   2354.      0.6318E-02
   2346.     -0.8492E-02
   2337.      0.1047E-02
   2329.      0.2833E-02
   2321.      0.2078E-02
   2312.     -0.7070E-03
   2304.      0.1688E-02
   2296.     -0.1966E-02
   2288.      0.2557E-02
   2279.      0.4926E-02
   2271.      0.6136E-02
   2263.     -0.4733E-03
   2254.      0.1959E-02
   2246.     -0.3392E-02
   2238.      0.8618E-03
   2230.      0.3411E-02
   2221.      0.2916E-02
   2213.     -0.1261E-01
   2205.     -0.1657E-02
   2196.     -0.3829E-02
   2188.     -0.2684E-02
   2180.      0.3292E-02
   2172.      0.6220E-02
   2163.      0.1397E-02
   2155.      0.1680E-02
   2147.     -0.1526E-03
   2138.     -0.2224E-02
   2130.     -0.3053E-02
   2122.      0.3724E-04
   2114.      0.5538E-03
   2105.     -0.1583E-02
   2097.     -0.3020E-02
   2089.     -0.2876E-03
   2080.      0.6375E-03
   2072.      0.2116E-02
   2064.      0.1020E-02
   2056.     -0.2874E-02
   2047.      0.4761E-02
   2039.      0.6411E-02
   2031.     -0.4959E-03
   2022.     -0.3488E-02
   2014.     -0.2514E-02
   2006.     -0.2392E-02
   1998.     -0.4129E-02
   1989.      0.4128E-02
   1981.      0.5212E-02
   1973.      0.2860E-02
   1964.     -0.6147E-02
   1956.     -0.3915E-02
   1948.     -0.4170E-02
   1940.     -0.4527E-02
   1931.      0.5663E-02
   1923.      0.2702E-02
   1915.      0.7860E-02
   1906.     -0.6648E-02
   1898.     -0.1363E-02
   1890.      0.2060E-02
   1882.     -0.1157E-02
   1873.      0.3489E-02
   1865.      0.3562E-02
   1857.      0.4226E-02
   1848.     -0.4272E-02
   1840.      0.1352E-02
   1832.     -0.2906E-02
   1824.     -0.1435E-02
   1815.      0.6309E-02
   1807.      0.9453E-03
   1799.     -0.1168E-02
   1790.      0.3221E-02
   1782.     -0.3515E-02
   1774.      0.1898E-02
   1766.     -0.1746E-02
   1757.      0.4224E-02
   1749.      0.2347E-02
   1741.      0.1037E-02
   1732.      0.2127E-02
   1724.      0.4213E-02
   1716.     -0.2344E-02
   1708.     -0.1369E-02
   1699.      0.1006E-03
   1691.     -0.8967E-03
   1683.     -0.1975E-02
   1674.     -0.2167E-02
   1666.     -0.2822E-02
   1658.      0.5656E-02
   1650.      0.2004E-02
   1641.      0.1262E-02
   1633.      0.1615E-02
   1625.     -0.1713E-02
   1616.      0.4513E-02
   1608.      0.4567E-02
   1600.      0.2133E-02
   1592.      0.4865E-02
   1583.      0.2747E-02
   1575.     -0.2495E-03
   1567.      0.1294E-02
   1559.     -0.4686E-02
   1550.      0.3724E-02
   1542.     -0.3164E-02
   1534.      0.4064E-02
   1525.     -0.2503E-04
   1517.     -0.2784E-04
   1509.     -0.1825E-02
   1501.      0.3080E-02
   1492.     -0.2384E-02
   1484.     -0.3902E-02
   1476.     -0.3385E-02
   1467.      0.1185E-02
   1459.      0.1027E-02
   1451.     -0.7900E-03
   1443.      0.1022E-01
   1434.      0.3112E-02
   1426.     -0.3696E-02
   1418.     -0.3153E-02
   1409.     -0.1309E-02
   1401.      0.5687E-02
   1393.      0.5102E-03
   1385.     -0.1313E-02
   1376.     -0.2123E-02
   1368.      0.7926E-02
   1360.      0.2641E-02
   1351.      0.3104E-03
   1343.     -0.3392E-02
   1335.     -0.1919E-02
   1327.     -0.1041E-01
   1318.     -0.1824E-02
   1310.     -0.2790E-02
   1302.      0.1543E-02
   1293.      0.5274E-03
   1285.     -0.3780E-04
   1277.     -0.1860E-03
   1269.      0.2781E-02
   1260.     -0.3186E-02
   1252.     -0.3241E-02
   1244.      0.6247E-02
   1235.     -0.5479E-02
   1227.     -0.1706E-02
   1219.     -0.5324E-02
   1211.      0.4636E-02
   1202.     -0.5864E-02
   1194.      0.3391E-02
   1186.      0.8092E-03
   1177.      0.7744E-02
   1169.     -0.2826E-02
   1161.      0.2005E-02
   1153.     -0.8549E-02
   1144.     -0.1755E-01
   1136.      0.4035E-02
   1128.      0.6149E-02
   1119.     -0.3305E-02
   1111.     -0.3876E-03
   1103.     -0.7250E-02
   1095.     -0.1619E-03
   1086.      0.5576E-02
   1078.     -0.7360E-02
   1070.     -0.1080E-02
   1061.      0.4470E-02
   1053.      0.4987E-02
   1045.     -0.6187E-02
   1037.     -0.7286E-03
   1028.     -0.6612E-02
   1020.      0.1618E-03
   1012.     -0.1155E-02
   1003.      0.4486E-02
   995.2      0.1876E-02
   986.9      0.8860E-02
   978.6      0.1881E-02
   970.3     -0.1451E-02
   962.0     -0.6619E-02
   953.8     -0.2446E-02
   945.5      0.8452E-02
   937.2      0.4474E-02
   928.9     -0.5825E-02
   920.6      0.2986E-02
   912.3     -0.5874E-02
   904.1      0.3649E-02
   895.8     -0.1144E-02
   887.5      0.8038E-03
   879.2     -0.1010E-01
   870.9     -0.5725E-02
   862.6      0.3982E-02
   854.4      0.2990E-02
   846.1      0.2656E-02
   837.8      0.2365E-02
   829.5      0.3148E-02
   821.2     -0.1421E-02
   812.9      0.2291E-02
   804.6      0.1118E-01
   796.4      0.9150E-02
   788.1      0.2676E-02
   779.8     -0.4062E-02
   771.5      0.4532E-02
   763.2     -0.5012E-03
   754.9     -0.3635E-02
   746.7     -0.1483E-02
   738.4      0.1599E-02
   730.1     -0.2630E-02
   721.8      0.6103E-02
   713.5      0.2747E-02
   705.2     -0.4665E-02
   697.0      0.5794E-02
   688.7     -0.9428E-03
   680.4     -0.1194E-02
   672.1      0.5565E-02
   663.8     -0.2614E-02
   655.5      0.3568E-02
   647.2      0.5508E-02
   639.0      0.5021E-03
   630.7      0.1117E-02
   622.4     -0.3886E-02
   614.1     -0.2261E-02
   605.8     -0.4230E-02
   597.5     -0.2005E-03
   589.3     -0.4712E-02
   581.0     -0.4280E-02
   572.7      0.2140E-02
   564.4     -0.1599E-02
   556.1      0.3623E-02
   547.8      0.1617E-02
   539.6      0.1491E-02
   531.3     -0.4530E-02
   523.0      0.2948E-02
   514.7     -0.6706E-02
   506.4      0.2392E-03
   498.1     -0.1264E-02
   489.8      0.5893E-02
   481.6     -0.1120E-02
   473.3      0.3805E-02
   465.0     -0.7640E-03
   456.7     -0.3417E-02
   448.4     -0.2469E-02
   440.1     -0.2946E-02
   431.9     -0.1913E-02
   423.6      0.4914E-02
   415.3      0.1862E-02
   407.0     -0.1234E-02
   398.7      0.6850E-02
   390.4      0.7212E-02
   382.2      0.6638E-02
   373.9      0.6817E-02
   365.6      0.5214E-02
   357.3      0.5378E-03
   349.0     -0.1484E-02
   340.7      0.3518E-02
   332.5      0.9271E-02
   324.2      0.5268E-02
   315.9      0.1331E-01
   307.6      0.1045E-01
   299.3      0.4518E-02
   291.0      0.1841E-01
   282.7      0.1542E-01
   274.5      0.2458E-01
   266.2      0.2373E-01
   257.9      0.3066E-01
   249.6      0.3128E-01
   241.3      0.3769E-01
   233.0      0.5353E-01
   224.8      0.5747E-01
   216.5      0.6151E-01
   208.2      0.6486E-01
   199.9      0.5909E-01
   191.6      0.5916E-01
   183.3      0.6412E-01
   175.1      0.6652E-01
   166.8      0.4926E-01
   158.5      0.6510E-01
   150.2      0.5759E-01
   141.9      0.6567E-01
   133.6      0.5507E-01
   125.3      0.5681E-01
   117.1      0.5028E-01
   108.8      0.5264E-01
   100.5      0.5541E-01
   92.21      0.6366E-01
   83.93      0.6228E-01
   75.64      0.5206E-01
   67.36      0.6191E-01
   59.07      0.5475E-01
   50.79      0.5404E-01
   42.50      0.5219E-01
   34.22      0.6848E-01
   25.94      0.6355E-01
   17.65      0.5686E-01
   9.368      0.6578E-01
   1.084      0.6444E-01
  -7.200      0.6198E-01
  -15.48      0.6258E-01
  -23.77      0.6511E-01
  -32.05      0.5754E-01
  -40.34      0.5798E-01
  -48.62      0.5422E-01
  -56.91      0.5623E-01
  -65.19      0.5566E-01
  -73.47      0.4789E-01
  -81.76      0.4625E-01
  -90.04      0.3252E-01
  -98.33      0.2458E-01
  -106.6      0.1973E-01
  -114.9      0.2124E-01
  -123.2      0.1318E-01
  -131.5      0.1083E-01
  -139.7      0.1711E-01
  -148.0      0.4833E-02
  -156.3      0.2632E-02
  -164.6     -0.2132E-02
  -172.9      0.1614E-01
  -181.2      0.3662E-02
  -189.5     -0.2431E-02
  -197.7     -0.1799E-02
  -206.0      0.1103E-01
  -214.3      0.4138E-03
  -222.6      0.1184E-01
  -230.9      0.1744E-03
  -239.2     -0.6371E-03
  -247.4     -0.2702E-02
  -255.7      0.2874E-02
  -264.0     -0.6926E-02
  -272.3      0.4054E-02
  -280.6     -0.1914E-02
  -288.9      0.3228E-02
  -297.1      0.2924E-02
  -305.4      0.3956E-02
  -313.7     -0.4973E-02
  -322.0     -0.1168E-01
  -330.3      0.1522E-03
  -338.6      0.5062E-02
  -346.9     -0.5276E-03
  -355.1      0.8270E-02
  -363.4      0.5257E-02
  -371.7      0.4643E-02
  -380.0     -0.5230E-02
  -388.3     -0.8181E-04
  -396.6      0.4002E-02
  -404.8      0.4743E-02
  -413.1      0.6693E-02
  -421.4     -0.2854E-02
  -429.7     -0.5596E-02
  -438.0      0.8214E-02
  -446.3      0.2156E-02
  -454.5     -0.4540E-05
  -462.8      0.7067E-02
  -471.1      0.1178E-02
  -479.4      0.1850E-02
  -487.7     -0.5854E-02
  -496.0      0.3582E-02
  -504.3     -0.1701E-02
  -512.5      0.6229E-02
  -520.8     -0.1356E-03
  -529.1     -0.1901E-02
  -537.4      0.1601E-03
  -545.7      0.3031E-02
  -554.0     -0.1068E-02
  -562.2     -0.6462E-02
  -570.5     -0.4393E-02
  -578.8     -0.3166E-02
  -587.1     -0.5365E-02
  -595.4     -0.7700E-03
  -603.7      0.2235E-02
  -611.9      0.1173E-03
  -620.2      0.5493E-02
  -628.5     -0.4831E-02
  -636.8      0.2552E-02
  -645.1      0.4179E-02
  -653.4     -0.3899E-02
  -661.6      0.7158E-02
  -669.9      0.2571E-02
  -678.2      0.4294E-02
  -686.5     -0.5795E-02
  -694.8      0.1028E-01
  -703.1     -0.1656E-02
  -711.4     -0.2407E-02
  -719.6     -0.1697E-03
  -727.9      0.5301E-02
  -736.2     -0.7215E-02
  -744.5     -0.6131E-02
  -752.8      0.7118E-02
  -761.1      0.7023E-02
  -769.3      0.8085E-02
  -777.6     -0.2772E-02
  -785.9     -0.6944E-03
  -794.2      0.5729E-02
  -802.5      0.4631E-02
  -810.8      0.8541E-02
  -819.0     -0.3100E-02
  -827.3      0.9851E-03
  -835.6     -0.4430E-02
  -843.9      0.1653E-02
  -852.2      0.5546E-02
  -860.5     -0.2190E-02
  -868.8     -0.1753E-02
  -877.0     -0.4006E-02
  -885.3     -0.2308E-02
  -893.6     -0.6171E-02
  -901.9     -0.1516E-02
  -910.2     -0.1694E-02
  -918.5      0.1049E-02
  -926.7      0.4661E-02
  -935.0     -0.4687E-02
  -943.3      0.3526E-02
  -951.6     -0.5074E-02
  -959.9     -0.5059E-02
  -968.2     -0.3757E-02
  -976.4      0.3570E-02
  -984.7      0.6210E-03
  -993.0     -0.4683E-02
  -1001.      0.1797E-02
  -1010.     -0.4661E-02
  -1018.      0.8908E-03
  -1026.     -0.1085E-01
  -1034.     -0.5013E-02
  -1043.     -0.6870E-02
  -1051.     -0.1779E-02
  -1059.      0.8092E-04
  -1068.     -0.7430E-02
  -1076.     -0.7757E-02
  -1084.      0.3443E-02
  -1092.     -0.2027E-02
  -1101.     -0.7665E-02
  -1109.      0.5341E-02
  -1117.      0.2959E-02
  -1126.      0.6167E-02
  -1134.     -0.4622E-02
  -1142.     -0.2524E-02
  -1150.      0.6078E-02
  -1159.      0.3244E-02
  -1167.     -0.9406E-03
  -1175.     -0.7373E-03
  -1184.      0.2156E-02
  -1192.      0.1273E-02
  -1200.     -0.5074E-02
  -1208.      0.5913E-02
  -1217.      0.5627E-02
  -1225.     -0.2426E-03
  -1233.     -0.4310E-02
  -1242.      0.2866E-02
  -1250.      0.7992E-02
  -1258.     -0.1896E-02
  -1266.      0.6551E-03
  -1275.     -0.7362E-03
  -1283.     -0.2390E-02
  -1291.      0.1779E-02
  -1300.      0.2883E-02
  -1308.      0.3041E-02
  -1316.     -0.1121E-02
  -1324.     -0.1005E-01
  -1333.     -0.1783E-02
  -1341.      0.4309E-02
  -1349.     -0.2457E-02
  -1358.     -0.3414E-03
  -1366.     -0.2647E-02
  -1374.      0.3963E-02
  -1382.      0.3123E-02
  -1391.     -0.8387E-03
  -1399.     -0.2024E-02
  -1407.      0.1623E-02
  -1416.      0.6531E-02
  -1424.      0.3373E-02
  -1432.     -0.1591E-02
  -1440.     -0.3549E-02
  -1449.      0.3796E-02
  -1457.     -0.1924E-02
  -1465.      0.5906E-02
  -1473.      0.2907E-02
  -1482.     -0.7070E-04
  -1490.      0.4282E-02
  -1498.      0.6922E-02
  -1507.      0.5180E-02
  -1515.     -0.3572E-02
  -1523.     -0.4116E-02
  -1531.     -0.1362E-02
  -1540.      0.1707E-02
  -1548.      0.6224E-04
  -1556.      0.3650E-02
  -1565.      0.4707E-02
  -1573.      0.8108E-02
  -1581.      0.5093E-02
  -1589.      0.5423E-02
  -1598.     -0.2800E-02
  -1606.      0.2107E-02
  -1614.      0.6518E-02
  -1623.      0.3283E-02
  -1631.      0.3818E-02
  -1639.      0.3329E-02
  -1647.      0.4135E-02
  -1656.     -0.2308E-02
  -1664.     -0.4892E-03
  -1672.     -0.4602E-02
  -1681.      0.1639E-02
  -1689.     -0.2544E-02
  -1697.      0.6148E-02
  -1705.      0.4738E-03
  -1714.      0.4235E-02
  -1722.     -0.5909E-02
  -1730.      0.2097E-02
  -1739.      0.5754E-02
  -1747.      0.1073E-02
  -1755.      0.1413E-02
  -1763.      0.4030E-02
  -1772.      0.1928E-02
  -1780.      0.1109E-03
  -1788.     -0.1702E-02
  -1797.     -0.3342E-02
  -1805.     -0.1794E-02
  -1813.     -0.7182E-02
  -1821.     -0.5959E-02
  -1830.      0.3793E-02
  -1838.     -0.2388E-02
  -1846.      0.1692E-02
  -1855.     -0.3688E-02
  -1863.      0.1442E-02
  -1871.      0.2920E-02
  -1879.      0.5109E-02
  -1888.     -0.3826E-02
  -1896.      0.1756E-02
  -1904.     -0.3577E-02
  -1913.     -0.3733E-03
  -1921.     -0.6340E-03
  -1929.     -0.1194E-02
  -1937.      0.1209E-02
  -1946.     -0.3865E-02
  -1954.     -0.6777E-02
  -1962.     -0.2264E-02
  -1971.     -0.1052E-02
  -1979.      0.1356E-03
  -1987.     -0.9550E-03
  -1995.     -0.4450E-03
  -2004.     -0.3656E-02
  -2012.     -0.1795E-02
  -2020.      0.1129E-02
  -2029.      0.1776E-02
  -2037.     -0.1591E-04
  -2045.      0.3513E-03
  -2053.     -0.4434E-02
  -2062.     -0.8482E-02
  -2070.     -0.3275E-02
  -2078.     -0.5068E-02
  -2087.     -0.3646E-02
  -2095.     -0.9854E-02
  -2103.     -0.9129E-02
  -2111.     -0.7504E-03
  -2120.     -0.1975E-02
  -2128.     -0.7748E-02
  -2136.     -0.9480E-02
  -2145.     -0.7286E-02
  -2153.     -0.3949E-02
  -2161.     -0.1131E-02
  -2169.     -0.5630E-02
  -2178.     -0.5486E-02
  -2186.      0.2115E-03
  -2194.     -0.1422E-02
  -2203.     -0.3307E-02
  -2211.      0.1194E-02
  -2219.     -0.1572E-02
  -2227.     -0.8002E-02
  -2236.      0.5089E-02
  -2244.      0.3127E-02
  -2252.     -0.1494E-02
  -2260.      0.1209E-02
  -2269.      0.1431E-02
  -2277.     -0.3476E-02
  -2285.      0.2018E-02
  -2294.      0.2692E-02
  -2302.     -0.1129E-02
  -2310.      0.9501E-03
  -2318.     -0.5840E-02
  -2327.      0.2483E-02
  -2335.      0.1008E-02
  -2343.     -0.5321E-05
  -2352.     -0.2161E-03
  -2360.      0.2408E-06
  -2368.      0.2496E-02
  -2376.      0.3352E-02
  -2385.      0.3668E-02
  -2393.      0.2649E-02
  -2401.      0.5893E-02
  -2410.     -0.4172E-02
  -2418.     -0.3420E-03
  -2426.     -0.2144E-02
  -2434.      0.4168E-03
  -2443.     -0.3487E-02
  -2451.      0.4772E-03
  -2459.      0.1944E-02
  -2468.      0.8042E-02
  -2476.      0.1500E-02
  -2484.      0.1235E-02
  -2492.     -0.7005E-04
  -2501.      0.8911E-02
  -2509.     -0.8599E-03
  -2517.     -0.5310E-02
  -2526.      0.4647E-02
  -2534.     -0.6198E-03
  -2542.      0.2744E-02
  -2550.      0.7706E-02
  -2559.      0.4134E-02
  -2567.      0.4029E-02
  -2575.      0.5196E-02
  -2584.      0.3747E-02
  -2592.     -0.3754E-02
  -2600.      0.3161E-03
  -2608.     -0.3547E-02
  -2617.      0.3449E-02
  -2625.     -0.2611E-02
  -2633.      0.5296E-03
  -2642.     -0.3296E-02
  -2650.      0.2609E-02
  -2658.     -0.2681E-02
  -2666.      0.4299E-02
  -2675.      0.2239E-02
