   2674.      0.2406E-02
   2660.      0.1704E-02
   2645.     -0.3346E-02
   2631.      0.2877E-04
   2617.      0.6865E-03
   2602.     -0.9318E-03
   2588.     -0.9495E-04
   2574.     -0.4254E-02
   2559.      0.4497E-03
   2545.      0.4691E-03
   2531.     -0.1592E-02
   2516.     -0.2280E-02
   2502.     -0.2026E-02
   2488.     -0.1848E-02
   2473.     -0.7747E-02
   2459.     -0.2949E-02
   2445.      0.1789E-02
   2430.      0.3920E-02
   2416.     -0.4265E-02
   2402.     -0.1429E-02
   2387.      0.6801E-03
   2373.      0.2098E-02
   2359.      0.2835E-02
   2345.     -0.2801E-02
   2330.      0.2602E-02
   2316.     -0.8204E-03
   2302.     -0.1728E-04
   2287.      0.2797E-02
   2273.      0.4846E-02
   2259.      0.1075E-02
   2244.     -0.3008E-02
   2230.      0.4233E-02
   2216.     -0.7168E-02
   2201.     -0.3686E-03
   2187.     -0.2308E-02
   2173.      0.4190E-02
   2158.      0.2325E-02
   2144.     -0.8112E-03
   2130.     -0.1574E-02
   2115.     -0.1522E-02
   2101.     -0.2487E-02
   2087.      0.2675E-03
   2072.      0.8469E-03
   2058.     -0.4650E-03
   2044.      0.5306E-02
   2030.     -0.1005E-02
   2015.     -0.1651E-02
   2001.     -0.4029E-02
   1987.      0.4145E-02
   1972.      0.3342E-02
   1958.     -0.7093E-02
   1944.     -0.3432E-02
   1929.      0.3253E-02
   1915.      0.4835E-02
   1901.     -0.4040E-02
   1886.      0.3138E-03
   1872.      0.4035E-02
   1858.      0.1803E-02
   1843.     -0.8017E-03
   1829.     -0.2168E-02
   1815.      0.3472E-02
   1800.      0.7405E-05
   1786.     -0.9154E-03
   1772.      0.2191E-02
   1757.      0.2658E-02
   1743.     -0.5619E-03
   1729.      0.3344E-02
   1715.      0.1075E-02
   1700.     -0.2654E-02
   1686.     -0.1229E-02
   1672.     -0.2410E-02
   1657.      0.3887E-02
   1643.      0.7607E-03
   1629.     -0.7565E-03
   1614.      0.5308E-02
   1600.      0.3458E-02
   1586.      0.2346E-02
   1571.      0.8626E-03
   1557.     -0.3460E-02
   1543.      0.1074E-02
   1528.      0.2602E-02
   1514.     -0.2054E-03
   1500.      0.1701E-02
   1485.     -0.3999E-02
   1471.     -0.1907E-02
   1457.      0.7286E-03
   1442.      0.6568E-02
   1428.     -0.1793E-02
   1414.     -0.2537E-02
   1400.      0.4138E-02
   1385.     -0.5723E-03
   1371.      0.2954E-02
   1357.      0.1733E-02
   1342.     -0.4876E-02
   1328.     -0.4343E-02
   1314.     -0.2322E-02
   1299.      0.7643E-03
   1285.      0.2556E-04
   1271.      0.2264E-02
   1256.     -0.3684E-02
   1242.      0.1309E-02
   1228.     -0.4909E-02
   1213.      0.1793E-02
   1199.     -0.1807E-02
   1185.      0.3438E-02
   1170.      0.1754E-02
   1156.     -0.4320E-02
   1142.     -0.9258E-02
   1127.      0.2150E-02
   1113.     -0.2013E-03
   1099.     -0.5235E-02
   1085.      0.2402E-03
   1070.     -0.1021E-03
   1056.      0.4276E-02
   1042.     -0.2646E-02
   1027.     -0.5416E-02
   1013.     -0.6069E-03
   998.6      0.4394E-02
   984.3      0.7191E-02
   970.0     -0.4222E-02
   955.7     -0.2834E-02
   941.3      0.7277E-02
   927.0     -0.2042E-02
   912.7     -0.5051E-02
   898.4      0.4088E-02
   884.1     -0.4397E-02
   869.7     -0.3027E-02
   855.4      0.1810E-02
   841.1      0.3417E-02
   826.8      0.1192E-02
   812.5      0.6165E-02
   798.2      0.7247E-02
   783.8     -0.3371E-03
   769.5      0.5361E-03
   755.2     -0.1215E-02
   740.9      0.3159E-03
   726.6      0.2095E-02
   712.2     -0.2598E-03
   697.9      0.2006E-02
   683.6     -0.1209E-02
   669.3      0.1332E-02
   655.0      0.4050E-02
   640.7      0.5666E-03
   626.3     -0.5051E-03
   612.0     -0.2815E-02
   597.7     -0.2170E-02
   583.4     -0.4339E-02
   569.1     -0.8333E-04
   554.7      0.3961E-02
   540.4      0.1304E-03
   526.1     -0.5711E-03
   511.8     -0.2837E-02
   497.5     -0.2011E-02
   483.2      0.3013E-02
   468.8      0.2866E-02
   454.5     -0.4887E-02
   440.2     -0.1633E-02
   425.9      0.2725E-02
   411.6     -0.6342E-03
   397.2      0.6817E-02
   382.9      0.8080E-02
   368.6      0.4533E-02
   354.3     -0.1775E-02
   340.0      0.6678E-02
   325.6      0.7040E-02
   311.3      0.1080E-01
   297.0      0.9147E-02
   282.7      0.1876E-01
   268.4      0.2394E-01
   254.1      0.3064E-01
   239.7      0.4283E-01
   225.4      0.5879E-01
   211.1      0.6241E-01
   196.8      0.5855E-01
   182.5      0.6458E-01
   168.1      0.5601E-01
   153.8      0.6098E-01
   139.5      0.6121E-01
   125.2      0.5470E-01
   110.9      0.5425E-01
   96.56      0.5716E-01
   82.24      0.6021E-01
   67.92      0.5976E-01
   53.60      0.5199E-01
   39.28      0.6142E-01
   24.96      0.5891E-01
   10.65      0.6435E-01
  -3.672      0.6251E-01
  -17.99      0.6283E-01
  -32.31      0.6069E-01
  -46.63      0.5648E-01
  -60.94      0.5422E-01
  -75.26      0.4730E-01
  -89.58      0.3639E-01
  -103.9      0.2154E-01
  -118.2      0.1709E-01
  -132.5      0.1205E-01
  -146.9      0.8739E-02
  -161.2      0.6827E-03
  -175.5      0.9185E-02
  -189.8      0.2506E-02
  -204.1      0.4266E-02
  -218.4      0.5764E-02
  -232.8      0.1526E-02
  -247.1     -0.8151E-03
  -261.4     -0.4823E-02
  -275.7      0.2668E-02
  -290.0      0.1437E-02
  -304.4      0.1783E-02
  -318.7     -0.7645E-02
  -333.0      0.2076E-03
  -347.3      0.4359E-02
  -361.6      0.7450E-02
  -375.9     -0.1854E-02
  -390.3      0.8158E-03
  -404.6      0.6817E-02
  -418.9     -0.1031E-02
  -433.2      0.7380E-03
  -447.5      0.1085E-02
  -461.9      0.7162E-02
  -476.2     -0.8484E-04
  -490.5     -0.2232E-02
  -504.8      0.1035E-02
  -519.1      0.2492E-02
  -533.4     -0.1089E-02
  -547.8      0.2559E-02
  -562.1     -0.4655E-02
  -576.4     -0.6172E-02
  -590.7     -0.2232E-02
  -605.0      0.1436E-02
  -619.4      0.2437E-02
  -633.7     -0.5861E-03
  -648.0      0.2312E-03
  -662.3      0.2395E-02
  -676.6      0.5413E-02
  -691.0      0.1478E-02
  -705.3      0.1585E-03
  -719.6      0.1276E-03
  -733.9     -0.2848E-02
  -748.2      0.7944E-03
  -762.5      0.7414E-02
  -776.9      0.1002E-04
  -791.2      0.2708E-02
  -805.5      0.4809E-02
  -819.8      0.1048E-02
  -834.1     -0.7236E-03
  -848.5      0.1932E-02
  -862.8     -0.8388E-03
  -877.1     -0.2091E-02
  -891.4     -0.6375E-02
  -905.7     -0.3048E-02
  -920.0      0.3639E-02
  -934.4     -0.2022E-02
  -948.7     -0.1138E-03
  -963.0     -0.5703E-02
  -977.3      0.4453E-02
  -991.6     -0.3907E-02
  -1006.     -0.1240E-02
  -1020.     -0.4322E-02
  -1035.     -0.6580E-02
  -1049.     -0.3444E-02
  -1063.     -0.4139E-02
  -1078.     -0.3509E-02
  -1092.     -0.2199E-02
  -1106.      0.9048E-03
  -1121.      0.4859E-02
  -1135.     -0.2385E-02
  -1149.      0.2185E-02
  -1163.      0.1231E-02
  -1178.      0.1354E-02
  -1192.      0.1569E-03
  -1206.     -0.1033E-03
  -1221.      0.3622E-02
  -1235.     -0.4666E-03
  -1249.      0.4048E-02
  -1264.     -0.8831E-03
  -1278.      0.2588E-03
  -1292.      0.1968E-02
  -1307.      0.1286E-02
  -1321.     -0.6489E-02
  -1335.      0.1534E-02
  -1350.     -0.2219E-02
  -1364.     -0.2177E-02
  -1378.      0.4202E-02
  -1393.      0.1957E-03
  -1407.     -0.7195E-03
  -1421.      0.5899E-02
  -1436.     -0.2790E-02
  -1450.      0.7690E-03
  -1464.      0.3785E-02
  -1478.      0.1834E-02
  -1493.      0.4700E-02
  -1507.      0.2279E-02
  -1521.     -0.1698E-02
  -1536.     -0.8744E-03
  -1550.      0.4649E-03
  -1564.      0.6402E-02
  -1579.      0.5837E-02
  -1593.      0.8241E-03
  -1607.      0.3360E-02
  -1622.      0.5216E-02
  -1636.      0.3426E-02
  -1650.     -0.3105E-03
  -1665.     -0.1840E-03
  -1679.     -0.2494E-03
  -1693.      0.6786E-03
  -1708.      0.1174E-02
  -1722.     -0.1208E-02
  -1736.      0.5018E-02
  -1751.      0.1178E-02
  -1765.      0.2320E-02
  -1779.      0.2256E-02
  -1793.     -0.3634E-02
  -1808.     -0.4100E-02
  -1822.     -0.1468E-02
  -1836.     -0.1830E-02
  -1851.     -0.8705E-03
  -1865.     -0.9104E-03
  -1879.      0.4158E-02
  -1894.      0.3004E-03
  -1908.     -0.2722E-02
  -1922.     -0.2423E-03
  -1937.     -0.6995E-03
  -1951.     -0.5048E-02
  -1965.     -0.3434E-02
  -1980.      0.5539E-03
  -1994.      0.3310E-02
  -2008.     -0.5295E-02
  -2023.      0.8305E-03
  -2037.      0.7115E-03
  -2051.     -0.3081E-02
  -2066.     -0.6946E-02
  -2080.     -0.3695E-02
  -2094.     -0.9274E-02
  -2108.     -0.3201E-02
  -2123.     -0.3221E-02
  -2137.     -0.1105E-01
  -2151.     -0.3930E-02
  -2166.     -0.3528E-02
  -2180.     -0.8830E-03
  -2194.     -0.2568E-02
  -2209.     -0.1556E-02
  -2223.     -0.3779E-02
  -2237.      0.2230E-02
  -2252.      0.1183E-02
  -2266.     -0.1718E-03
  -2280.      0.3682E-04
  -2295.      0.7570E-03
  -2309.     -0.3288E-03
  -2323.     -0.1111E-02
  -2338.      0.2482E-03
  -2352.      0.1248E-02
  -2366.      0.4134E-03
  -2381.      0.3978E-02
  -2395.      0.3438E-02
  -2409.     -0.1135E-02
  -2423.     -0.9673E-03
  -2438.     -0.1802E-02
  -2452.     -0.6952E-03
  -2466.      0.7509E-02
  -2481.      0.4615E-03
  -2495.      0.3750E-02
  -2509.     -0.1889E-02
  -2524.      0.1584E-02
  -2538.      0.1758E-02
  -2552.      0.6899E-02
  -2567.      0.4142E-02
  -2581.      0.3770E-02
  -2595.     -0.3198E-02
  -2610.      0.1375E-02
  -2624.     -0.1724E-02
  -2638.     -0.2350E-02
  -2653.      0.6068E-03
  -2667.      0.2914E-02
